knhc1234
2020
12
27
1
33
8
아아아
2020
12
27
1
33
53
knhc1234
2020
12
27
1
34
31
jerry
2020
12
27
1
35
10
jerry
2020
12
27
1
35
31
아아아
2020
12
27
1
35
43
knhc1234
2020
12
27
1
35
53
나나나
2020
12
27
1
36
25
마지막
2020
12
27
1
37
6
나나나
2020
12
27
1
37
18
마지막
2020
12
27
1
37
26
knhc1234
2020
12
27
1
37
34
마지막
2020
12
27
1
38
55
knhc1234
2020
12
27
1
39
10
미미미
2020
12
27
1
50
16
가나다
2020
12
27
1
56
32
가나다
2020
12
27
2
0
0
knhc1234
2020
12
27
2
0
43
